3998.398045
3997.433879
3996.469712
3995.505546
3994.54138
3993.577213
3992.613047
3991.64888
3990.684714
3989.720548
3988.756381
3987.792215
3986.828048
3985.863882
3984.899716
3983.935549
3982.971383
3982.007216
3981.04305
3980.078884
3979.114717
3978.150551
3977.186384
3976.222218
3975.258052
3974.293885
3973.329719
3972.365553
3971.401386
3970.43722
3969.473053
3968.508887
3967.544721
3966.580554
3965.616388
3964.652221
3963.688055
3962.723889
3961.759722
3960.795556
3959.831389
3958.867223
3957.903057
3956.93889
3955.974724
3955.010557
3954.046391
3953.082225
3952.118058
3951.153892
3950.189725
3949.225559
3948.261393
3947.297226
3946.33306
3945.368893
3944.404727
3943.440561
3942.476394
3941.512228
3940.548061
3939.583895
3938.619729
3937.655562
3936.691396
3935.727229
3934.763063
3933.798897
3932.83473
3931.870564
3930.906397
3929.942231
3928.978065
3928.013898
3927.049732
3926.085565
3925.121399
3924.157233
3923.193066
3922.2289
3921.264734
3920.300567
3919.336401
3918.372234
3917.408068
3916.443902
3915.479735
3914.515569
3913.551402
3912.587236
3911.62307
3910.658903
3909.694737
3908.73057
3907.766404
3906.802238
3905.838071
3904.873905
3903.909738
3902.945572
3901.981406
3901.017239
3900.053073
3899.088906
3898.12474
3897.160574
3896.196407
3895.232241
3894.268074
3893.303908
3892.339742
3891.375575
3890.411409
3889.447242
3888.483076
3887.51891
3886.554743
3885.590577
3884.62641
3883.662244
3882.698078
3881.733911
3880.769745
3879.805578
3878.841412
3877.877246
3876.913079
3875.948913
3874.984746
3874.02058
3873.056414
3872.092247
3871.128081
3870.163915
3869.199748
3868.235582
3867.271415
3866.307249
3865.343083
3864.378916
3863.41475
3862.450583
3861.486417
3860.522251
3859.558084
3858.593918
3857.629751
3856.665585
3855.701419
3854.737252
3853.773086
3852.808919
3851.844753
3850.880587
3849.91642
3848.952254
3847.988087
3847.023921
3846.059755
3845.095588
3844.131422
3843.167255
3842.203089
3841.238923
3840.274756
3839.31059
3838.346423
3837.382257
3836.418091
3835.453924
3834.489758
3833.525591
3832.561425
3831.597259
3830.633092
3829.668926
3828.704759
3827.740593
3826.776427
3825.81226
3824.848094
3823.883927
3822.919761
3821.955595
3820.991428
3820.027262
3819.063096
3818.098929
3817.134763
3816.170596
3815.20643
3814.242264
3813.278097
3812.313931
3811.349764
3810.385598
3809.421432
3808.457265
3807.493099
3806.528932
3805.564766
3804.6006
3803.636433
3802.672267
3801.7081
3800.743934
3799.779768
3798.815601
3797.851435
3796.887268
3795.923102
3794.958936
3793.994769
3793.030603
3792.066436
3791.10227
3790.138104
3789.173937
3788.209771
3787.245604
3786.281438
3785.317272
3784.353105
3783.388939
3782.424772
3781.460606
3780.49644
3779.532273
3778.568107
3777.60394
3776.639774
3775.675608
3774.711441
3773.747275
3772.783108
3771.818942
3770.854776
3769.890609
3768.926443
3767.962277
3766.99811
3766.033944
3765.069777
3764.105611
3763.141445
3762.177278
3761.213112
3760.248945
3759.284779
3758.320613
3757.356446
3756.39228
3755.428113
3754.463947
3753.499781
3752.535614
3751.571448
3750.607281
3749.643115
3748.678949
3747.714782
3746.750616
3745.786449
3744.822283
3743.858117
3742.89395
3741.929784
3740.965617
3740.001451
3739.037285
3738.073118
3737.108952
3736.144785
3735.180619
3734.216453
3733.252286
3732.28812
3731.323953
3730.359787
3729.395621
3728.431454
3727.467288
3726.503121
3725.538955
3724.574789
3723.610622
3722.646456
3721.682289
3720.718123
3719.753957
3718.78979
3717.825624
3716.861458
3715.897291
3714.933125
3713.968958
3713.004792
3712.040626
3711.076459
3710.112293
3709.148126
3708.18396
3707.219794
3706.255627
3705.291461
3704.327294
3703.363128
3702.398962
3701.434795
3700.470629
3699.506462
3698.542296
3697.57813
3696.613963
3695.649797
3694.68563
3693.721464
3692.757298
3691.793131
3690.828965
3689.864798
3688.900632
3687.936466
3686.972299
3686.008133
3685.043966
3684.0798
3683.115634
3682.151467
3681.187301
3680.223134
3679.258968
3678.294802
3677.330635
3676.366469
3675.402302
3674.438136
3673.47397
3672.509803
3671.545637
3670.58147
3669.617304
3668.653138
3667.688971
3666.724805
3665.760639
3664.796472
3663.832306
3662.868139
3661.903973
3660.939807
3659.97564
3659.011474
3658.047307
3657.083141
3656.118975
3655.154808
3654.190642
3653.226475
3652.262309
3651.298143
3650.333976
3649.36981
3648.405643
3647.441477
3646.477311
3645.513144
3644.548978
3643.584811
3642.620645
3641.656479
3640.692312
3639.728146
3638.763979
3637.799813
3636.835647
3635.87148
3634.907314
3633.943147
3632.978981
3632.014815
3631.050648
3630.086482
3629.122315
3628.158149
3627.193983
3626.229816
3625.26565
3624.301483
3623.337317
3622.373151
3621.408984
3620.444818
3619.480651
3618.516485
3617.552319
3616.588152
3615.623986
3614.65982
3613.695653
3612.731487
3611.76732
3610.803154
3609.838988
3608.874821
3607.910655
3606.946488
3605.982322
3605.018156
3604.053989
3603.089823
3602.125656
3601.16149
3600.197324
3599.233157
3598.268991
3597.304824
3596.340658
3595.376492
3594.412325
3593.448159
3592.483992
3591.519826
3590.55566
3589.591493
3588.627327
3587.66316
3586.698994
3585.734828
3584.770661
3583.806495
3582.842328
3581.878162
3580.913996
3579.949829
3578.985663
3578.021496
3577.05733
3576.093164
3575.128997
3574.164831
3573.200664
3572.236498
3571.272332
3570.308165
3569.343999
3568.379832
3567.415666
3566.4515
3565.487333
3564.523167
3563.559001
3562.594834
3561.630668
3560.666501
3559.702335
3558.738169
3557.774002
3556.809836
3555.845669
3554.881503
3553.917337
3552.95317
3551.989004
3551.024837
3550.060671
3549.096505
3548.132338
3547.168172
3546.204005
3545.239839
3544.275673
3543.311506
3542.34734
3541.383173
3540.419007
3539.454841
3538.490674
3537.526508
3536.562341
3535.598175
3534.634009
3533.669842
3532.705676
3531.741509
3530.777343
3529.813177
3528.84901
3527.884844
3526.920677
3525.956511
3524.992345
3524.028178
3523.064012
3522.099845
3521.135679
3520.171513
3519.207346
3518.24318
3517.279013
3516.314847
3515.350681
3514.386514
3513.422348
3512.458182
3511.494015
3510.529849
3509.565682
3508.601516
3507.63735
3506.673183
3505.709017
3504.74485
3503.780684
3502.816518
3501.852351
3500.888185
3499.924018
3498.959852
3497.995686
3497.031519
3496.067353
3495.103186
3494.13902
3493.174854
3492.210687
3491.246521
3490.282354
3489.318188
3488.354022
3487.389855
3486.425689
3485.461522
3484.497356
3483.53319
3482.569023
3481.604857
3480.64069
3479.676524
3478.712358
3477.748191
3476.784025
3475.819858
3474.855692
3473.891526
3472.927359
3471.963193
3470.999026
3470.03486
3469.070694
3468.106527
3467.142361
3466.178194
3465.214028
3464.249862
3463.285695
3462.321529
3461.357363
3460.393196
3459.42903
3458.464863
3457.500697
3456.536531
3455.572364
3454.608198
3453.644031
3452.679865
3451.715699
3450.751532
3449.787366
3448.823199
3447.859033
3446.894867
3445.9307
3444.966534
3444.002367
3443.038201
3442.074035
3441.109868
3440.145702
3439.181535
3438.217369
3437.253203
3436.289036
3435.32487
3434.360703
3433.396537
3432.432371
3431.468204
3430.504038
3429.539871
3428.575705
3427.611539
3426.647372
3425.683206
3424.719039
3423.754873
3422.790707
3421.82654
3420.862374
3419.898207
3418.934041
3417.969875
3417.005708
3416.041542
3415.077375
3414.113209
3413.149043
3412.184876
3411.22071
3410.256544
3409.292377
3408.328211
3407.364044
3406.399878
3405.435712
3404.471545
3403.507379
3402.543212
3401.579046
3400.61488
3399.650713
3398.686547
3397.72238
3396.758214
3395.794048
3394.829881
3393.865715
3392.901548
3391.937382
3390.973216
3390.009049
3389.044883
3388.080716
3387.11655
3386.152384
3385.188217
3384.224051
3383.259884
3382.295718
3381.331552
3380.367385
3379.403219
3378.439052
3377.474886
3376.51072
3375.546553
3374.582387
3373.61822
3372.654054
3371.689888
3370.725721
3369.761555
3368.797388
3367.833222
3366.869056
3365.904889
3364.940723
3363.976556
3363.01239
3362.048224
3361.084057
3360.119891
3359.155725
3358.191558
3357.227392
3356.263225
3355.299059
3354.334893
3353.370726
3352.40656
3351.442393
3350.478227
3349.514061
3348.549894
3347.585728
3346.621561
3345.657395
3344.693229
3343.729062
3342.764896
3341.800729
3340.836563
3339.872397
3338.90823
3337.944064
3336.979897
3336.015731
3335.051565
3334.087398
3333.123232
3332.159065
3331.194899
3330.230733
3329.266566
3328.3024
3327.338233
3326.374067
3325.409901
3324.445734
3323.481568
3322.517401
3321.553235
3320.589069
3319.624902
3318.660736
3317.696569
3316.732403
3315.768237
3314.80407
3313.839904
3312.875737
3311.911571
3310.947405
3309.983238
3309.019072
3308.054906
3307.090739
3306.126573
3305.162406
3304.19824
3303.234074
3302.269907
3301.305741
3300.341574
3299.377408
3298.413242
3297.449075
3296.484909
3295.520742
3294.556576
3293.59241
3292.628243
3291.664077
3290.69991
3289.735744
3288.771578
3287.807411
3286.843245
3285.879078
3284.914912
3283.950746
3282.986579
3282.022413
3281.058246
3280.09408
3279.129914
3278.165747
3277.201581
3276.237414
3275.273248
3274.309082
3273.344915
3272.380749
3271.416582
3270.452416
3269.48825
3268.524083
3267.559917
3266.59575
3265.631584
3264.667418
3263.703251
3262.739085
3261.774918
3260.810752
3259.846586
3258.882419
3257.918253
3256.954086
3255.98992
3255.025754
3254.061587
3253.097421
3252.133255
3251.169088
3250.204922
3249.240755
3248.276589
3247.312423
3246.348256
3245.38409
3244.419923
3243.455757
3242.491591
3241.527424
3240.563258
3239.599091
3238.634925
3237.670759
3236.706592
3235.742426
3234.778259
3233.814093
3232.849927
3231.88576
3230.921594
3229.957427
3228.993261
3228.029095
3227.064928
3226.100762
3225.136595
3224.172429
3223.208263
3222.244096
3221.27993
3220.315763
3219.351597
3218.387431
3217.423264
3216.459098
3215.494931
3214.530765
3213.566599
3212.602432
3211.638266
3210.674099
3209.709933
3208.745767
3207.7816
3206.817434
3205.853267
3204.889101
3203.924935
3202.960768
3201.996602
3201.032436
3200.068269
3199.104103
3198.139936
3197.17577
3196.211604
3195.247437
3194.283271
3193.319104
3192.354938
3191.390772
3190.426605
3189.462439
3188.498272
3187.534106
3186.56994
3185.605773
3184.641607
3183.67744
3182.713274
3181.749108
3180.784941
3179.820775
3178.856608
3177.892442
3176.928276
3175.964109
3174.999943
3174.035776
3173.07161
3172.107444
3171.143277
3170.179111
3169.214944
3168.250778
3167.286612
3166.322445
3165.358279
3164.394112
3163.429946
3162.46578
3161.501613
3160.537447
3159.57328
3158.609114
3157.644948
3156.680781
3155.716615
3154.752448
3153.788282
3152.824116
3151.859949
3150.895783
3149.931617
3148.96745
3148.003284
3147.039117
3146.074951
3145.110785
3144.146618
3143.182452
3142.218285
3141.254119
3140.289953
3139.325786
3138.36162
3137.397453
3136.433287
3135.469121
3134.504954
3133.540788
3132.576621
3131.612455
3130.648289
3129.684122
3128.719956
3127.755789
3126.791623
3125.827457
3124.86329
3123.899124
3122.934957
3121.970791
3121.006625
3120.042458
3119.078292
3118.114125
3117.149959
3116.185793
3115.221626
3114.25746
3113.293293
3112.329127
3111.364961
3110.400794
3109.436628
3108.472461
3107.508295
3106.544129
3105.579962
3104.615796
3103.651629
3102.687463
3101.723297
3100.75913
3099.794964
3098.830798
3097.866631
3096.902465
3095.938298
3094.974132
3094.009966
3093.045799
3092.081633
3091.117466
3090.1533
3089.189134
3088.224967
3087.260801
3086.296634
3085.332468
3084.368302
3083.404135
3082.439969
3081.475802
3080.511636
3079.54747
3078.583303
3077.619137
3076.65497
3075.690804
3074.726638
3073.762471
3072.798305
3071.834138
3070.869972
3069.905806
3068.941639
3067.977473
3067.013306
3066.04914
3065.084974
3064.120807
3063.156641
3062.192474
3061.228308
3060.264142
3059.299975
3058.335809
3057.371642
3056.407476
3055.44331
3054.479143
3053.514977
3052.55081
3051.586644
3050.622478
3049.658311
3048.694145
3047.729979
3046.765812
3045.801646
3044.837479
3043.873313
3042.909147
3041.94498
3040.980814
3040.016647
3039.052481
3038.088315
3037.124148
3036.159982
3035.195815
3034.231649
3033.267483
3032.303316
3031.33915
3030.374983
3029.410817
3028.446651
3027.482484
3026.518318
3025.554151
3024.589985
3023.625819
3022.661652
3021.697486
3020.733319
3019.769153
3018.804987
3017.84082
3016.876654
3015.912487
3014.948321
3013.984155
3013.019988
3012.055822
3011.091655
3010.127489
3009.163323
3008.199156
3007.23499
3006.270823
3005.306657
3004.342491
3003.378324
3002.414158
3001.449991
3000.485825
2999.521659
2998.557492
2997.593326
2996.62916
2995.664993
2994.700827
2993.73666
2992.772494
2991.808328
2990.844161
2989.879995
2988.915828
2987.951662
2986.987496
2986.023329
2985.059163
2984.094996
2983.13083
2982.166664
2981.202497
2980.238331
2979.274164
2978.309998
2977.345832
2976.381665
2975.417499
2974.453332
2973.489166
2972.525
2971.560833
2970.596667
2969.6325
2968.668334
2967.704168
2966.740001
2965.775835
2964.811668
2963.847502
2962.883336
2961.919169
2960.955003
2959.990836
2959.02667
2958.062504
2957.098337
2956.134171
2955.170004
2954.205838
2953.241672
2952.277505
2951.313339
2950.349172
2949.385006
2948.42084
2947.456673
2946.492507
2945.528341
2944.564174
2943.600008
2942.635841
2941.671675
2940.707509
2939.743342
2938.779176
2937.815009
2936.850843
2935.886677
2934.92251
2933.958344
2932.994177
2932.030011
2931.065845
2930.101678
2929.137512
2928.173345
2927.209179
2926.245013
2925.280846
2924.31668
2923.352513
2922.388347
2921.424181
2920.460014
2919.495848
2918.531681
2917.567515
2916.603349
2915.639182
2914.675016
2913.710849
2912.746683
2911.782517
2910.81835
2909.854184
2908.890017
2907.925851
2906.961685
2905.997518
2905.033352
2904.069185
2903.105019
2902.140853
2901.176686
2900.21252
2899.248353
2898.284187
2897.320021
2896.355854
2895.391688
2894.427522
2893.463355
2892.499189
2891.535022
2890.570856
2889.60669
2888.642523
2887.678357
2886.71419
2885.750024
2884.785858
2883.821691
2882.857525
2881.893358
2880.929192
2879.965026
2879.000859
2878.036693
2877.072526
2876.10836
2875.144194
2874.180027
2873.215861
2872.251694
2871.287528
2870.323362
2869.359195
2868.395029
2867.430862
2866.466696
2865.50253
2864.538363
2863.574197
2862.61003
2861.645864
2860.681698
2859.717531
2858.753365
2857.789198
2856.825032
2855.860866
2854.896699
2853.932533
2852.968366
2852.0042
2851.040034
2850.075867
2849.111701
2848.147534
2847.183368
2846.219202
2845.255035
2844.290869
2843.326703
2842.362536
2841.39837
2840.434203
2839.470037
2838.505871
2837.541704
2836.577538
2835.613371
2834.649205
2833.685039
2832.720872
2831.756706
2830.792539
2829.828373
2828.864207
2827.90004
2826.935874
2825.971707
2825.007541
2824.043375
2823.079208
2822.115042
2821.150875
2820.186709
2819.222543
2818.258376
2817.29421
2816.330043
2815.365877
2814.401711
2813.437544
2812.473378
2811.509211
2810.545045
2809.580879
2808.616712
2807.652546
2806.688379
2805.724213
2804.760047
2803.79588
2802.831714
2801.867547
2800.903381
2799.939215
2798.975048
2798.010882
2797.046715
2796.082549
2795.118383
2794.154216
2793.19005
2792.225884
2791.261717
2790.297551
2789.333384
2788.369218
2787.405052
2786.440885
2785.476719
2784.512552
2783.548386
2782.58422
2781.620053
2780.655887
2779.69172
2778.727554
2777.763388
2776.799221
2775.835055
2774.870888
2773.906722
2772.942556
2771.978389
2771.014223
2770.050056
2769.08589
2768.121724
2767.157557
2766.193391
2765.229224
2764.265058
2763.300892
2762.336725
2761.372559
2760.408392
2759.444226
2758.48006
2757.515893
2756.551727
2755.58756
2754.623394
2753.659228
2752.695061
2751.730895
2750.766728
2749.802562
2748.838396
2747.874229
2746.910063
2745.945896
2744.98173
2744.017564
2743.053397
2742.089231
2741.125065
2740.160898
2739.196732
2738.232565
2737.268399
2736.304233
2735.340066
2734.3759
2733.411733
2732.447567
2731.483401
2730.519234
2729.555068
2728.590901
2727.626735
2726.662569
2725.698402
2724.734236
2723.770069
2722.805903
2721.841737
2720.87757
2719.913404
2718.949237
2717.985071
2717.020905
2716.056738
2715.092572
2714.128405
2713.164239
2712.200073
2711.235906
2710.27174
2709.307573
2708.343407
2707.379241
2706.415074
2705.450908
2704.486741
2703.522575
2702.558409
2701.594242
2700.630076
2699.665909
2698.701743
2697.737577
2696.77341
2695.809244
2694.845077
2693.880911
2692.916745
2691.952578
2690.988412
2690.024246
2689.060079
2688.095913
2687.131746
2686.16758
2685.203414
2684.239247
2683.275081
2682.310914
2681.346748
2680.382582
2679.418415
2678.454249
2677.490082
2676.525916
2675.56175
2674.597583
2673.633417
2672.66925
2671.705084
2670.740918
2669.776751
2668.812585
2667.848418
2666.884252
2665.920086
2664.955919
2663.991753
2663.027586
2662.06342
2661.099254
2660.135087
2659.170921
2658.206754
2657.242588
2656.278422
2655.314255
2654.350089
2653.385922
2652.421756
2651.45759
2650.493423
2649.529257
2648.56509
2647.600924
2646.636758
2645.672591
2644.708425
2643.744258
2642.780092
2641.815926
2640.851759
2639.887593
2638.923427
2637.95926
2636.995094
2636.030927
2635.066761
2634.102595
2633.138428
2632.174262
2631.210095
2630.245929
2629.281763
2628.317596
2627.35343
2626.389263
2625.425097
2624.460931
2623.496764
2622.532598
2621.568431
2620.604265
2619.640099
2618.675932
2617.711766
2616.747599
2615.783433
2614.819267
2613.8551
2612.890934
2611.926767
2610.962601
2609.998435
2609.034268
2608.070102
2607.105935
2606.141769
2605.177603
2604.213436
2603.24927
2602.285103
2601.320937
2600.356771
2599.392604
2598.428438
2597.464271
2596.500105
2595.535939
2594.571772
2593.607606
2592.643439
2591.679273
2590.715107
2589.75094
2588.786774
2587.822608
2586.858441
2585.894275
2584.930108
2583.965942
2583.001776
2582.037609
2581.073443
2580.109276
2579.14511
2578.180944
2577.216777
2576.252611
2575.288444
2574.324278
2573.360112
2572.395945
2571.431779
2570.467612
2569.503446
2568.53928
2567.575113
2566.610947
2565.64678
2564.682614
2563.718448
2562.754281
2561.790115
2560.825948
2559.861782
2558.897616
2557.933449
2556.969283
2556.005116
2555.04095
2554.076784
2553.112617
2552.148451
2551.184284
2550.220118
2549.255952
2548.291785
2547.327619
2546.363452
2545.399286
2544.43512
2543.470953
2542.506787
2541.54262
2540.578454
2539.614288
2538.650121
2537.685955
2536.721789
2535.757622
2534.793456
2533.829289
2532.865123
2531.900957
2530.93679
2529.972624
2529.008457
2528.044291
2527.080125
2526.115958
2525.151792
2524.187625
2523.223459
2522.259293
2521.295126
2520.33096
2519.366793
2518.402627
2517.438461
2516.474294
2515.510128
2514.545961
2513.581795
2512.617629
2511.653462
2510.689296
2509.725129
2508.760963
2507.796797
2506.83263
2505.868464
2504.904297
2503.940131
2502.975965
2502.011798
2501.047632
2500.083465
2499.119299
2498.155133
2497.190966
2496.2268
2495.262633
2494.298467
2493.334301
2492.370134
2491.405968
2490.441801
2489.477635
2488.513469
2487.549302
2486.585136
2485.62097
2484.656803
2483.692637
2482.72847
2481.764304
2480.800138
2479.835971
2478.871805
2477.907638
2476.943472
2475.979306
2475.015139
2474.050973
2473.086806
2472.12264
2471.158474
2470.194307
2469.230141
2468.265974
2467.301808
2466.337642
2465.373475
2464.409309
2463.445142
2462.480976
2461.51681
2460.552643
2459.588477
2458.62431
2457.660144
2456.695978
2455.731811
2454.767645
2453.803478
2452.839312
2451.875146
2450.910979
2449.946813
2448.982646
2448.01848
2447.054314
2446.090147
2445.125981
2444.161814
2443.197648
2442.233482
2441.269315
2440.305149
2439.340982
2438.376816
2437.41265
2436.448483
2435.484317
2434.520151
2433.555984
2432.591818
2431.627651
2430.663485
2429.699319
2428.735152
2427.770986
2426.806819
2425.842653
2424.878487
2423.91432
2422.950154
2421.985987
2421.021821
2420.057655
2419.093488
2418.129322
2417.165155
2416.200989
2415.236823
2414.272656
2413.30849
2412.344323
2411.380157
2410.415991
2409.451824
2408.487658
2407.523491
2406.559325
2405.595159
2404.630992
2403.666826
2402.702659
2401.738493
2400.774327
2399.81016
2398.845994
2397.881827
2396.917661
2395.953495
2394.989328
2394.025162
2393.060995
2392.096829
2391.132663
2390.168496
2389.20433
2388.240163
2387.275997
2386.311831
2385.347664
2384.383498
2383.419332
2382.455165
2381.490999
2380.526832
2379.562666
2378.5985
2377.634333
2376.670167
2375.706
2374.741834
2373.777668
2372.813501
2371.849335
2370.885168
2369.921002
2368.956836
2367.992669
2367.028503
2366.064336
2365.10017
2364.136004
2363.171837
2362.207671
2361.243504
2360.279338
2359.315172
2358.351005
2357.386839
2356.422672
2355.458506
2354.49434
2353.530173
2352.566007
2351.60184
2350.637674
2349.673508
2348.709341
2347.745175
2346.781008
2345.816842
2344.852676
2343.888509
2342.924343
2341.960176
2340.99601
2340.031844
2339.067677
2338.103511
2337.139344
2336.175178
2335.211012
2334.246845
2333.282679
2332.318513
2331.354346
2330.39018
2329.426013
2328.461847
2327.497681
2326.533514
2325.569348
2324.605181
2323.641015
2322.676849
2321.712682
2320.748516
2319.784349
2318.820183
2317.856017
2316.89185
2315.927684
2314.963517
2313.999351
2313.035185
2312.071018
2311.106852
2310.142685
2309.178519
2308.214353
2307.250186
2306.28602
2305.321853
2304.357687
2303.393521
2302.429354
2301.465188
2300.501021
2299.536855
2298.572689
2297.608522
2296.644356
2295.680189
2294.716023
2293.751857
2292.78769
2291.823524
2290.859357
2289.895191
2288.931025
2287.966858
2287.002692
2286.038525
2285.074359
2284.110193
2283.146026
2282.18186
2281.217694
2280.253527
2279.289361
2278.325194
2277.361028
2276.396862
2275.432695
2274.468529
2273.504362
2272.540196
2271.57603
2270.611863
2269.647697
2268.68353
2267.719364
2266.755198
2265.791031
2264.826865
2263.862698
2262.898532
2261.934366
2260.970199
2260.006033
2259.041866
2258.0777
2257.113534
2256.149367
2255.185201
2254.221034
2253.256868
2252.292702
2251.328535
2250.364369
2249.400202
2248.436036
2247.47187
2246.507703
2245.543537
2244.57937
2243.615204
2242.651038
2241.686871
2240.722705
2239.758538
2238.794372
2237.830206
2236.866039
2235.901873
2234.937706
2233.97354
2233.009374
2232.045207
2231.081041
2230.116875
2229.152708
2228.188542
2227.224375
2226.260209
2225.296043
2224.331876
2223.36771
2222.403543
2221.439377
2220.475211
2219.511044
2218.546878
2217.582711
2216.618545
2215.654379
2214.690212
2213.726046
2212.761879
2211.797713
2210.833547
2209.86938
2208.905214
2207.941047
2206.976881
2206.012715
2205.048548
2204.084382
2203.120215
2202.156049
2201.191883
2200.227716
2199.26355
2198.299383
2197.335217
2196.371051
2195.406884
2194.442718
2193.478551
2192.514385
2191.550219
2190.586052
2189.621886
2188.657719
2187.693553
2186.729387
2185.76522
2184.801054
2183.836887
2182.872721
2181.908555
2180.944388
2179.980222
2179.016056
2178.051889
2177.087723
2176.123556
2175.15939
2174.195224
2173.231057
2172.266891
2171.302724
2170.338558
2169.374392
2168.410225
2167.446059
2166.481892
2165.517726
2164.55356
2163.589393
2162.625227
2161.66106
2160.696894
2159.732728
2158.768561
2157.804395
2156.840228
2155.876062
2154.911896
2153.947729
2152.983563
2152.019396
2151.05523
2150.091064
2149.126897
2148.162731
2147.198564
2146.234398
2145.270232
2144.306065
2143.341899
2142.377732
2141.413566
2140.4494
2139.485233
2138.521067
2137.5569
2136.592734
2135.628568
2134.664401
2133.700235
2132.736068
2131.771902
2130.807736
2129.843569
2128.879403
2127.915237
2126.95107
2125.986904
2125.022737
2124.058571
2123.094405
2122.130238
2121.166072
2120.201905
2119.237739
2118.273573
2117.309406
2116.34524
2115.381073
2114.416907
2113.452741
2112.488574
2111.524408
2110.560241
2109.596075
2108.631909
2107.667742
2106.703576
2105.739409
2104.775243
2103.811077
2102.84691
2101.882744
2100.918577
2099.954411
2098.990245
2098.026078
2097.061912
2096.097745
2095.133579
2094.169413
2093.205246
2092.24108
2091.276913
2090.312747
2089.348581
2088.384414
2087.420248
2086.456081
2085.491915
2084.527749
2083.563582
2082.599416
2081.635249
2080.671083
2079.706917
2078.74275
2077.778584
2076.814418
2075.850251
2074.886085
2073.921918
2072.957752
2071.993586
2071.029419
2070.065253
2069.101086
2068.13692
2067.172754
2066.208587
2065.244421
2064.280254
2063.316088
2062.351922
2061.387755
2060.423589
2059.459422
2058.495256
2057.53109
2056.566923
2055.602757
2054.63859
2053.674424
2052.710258
2051.746091
2050.781925
2049.817758
2048.853592
2047.889426
2046.925259
2045.961093
2044.996926
2044.03276
2043.068594
2042.104427
2041.140261
2040.176094
2039.211928
2038.247762
2037.283595
2036.319429
2035.355262
2034.391096
2033.42693
2032.462763
2031.498597
2030.53443
2029.570264
2028.606098
2027.641931
2026.677765
2025.713599
2024.749432
2023.785266
2022.821099
2021.856933
2020.892767
2019.9286
2018.964434
2018.000267
2017.036101
2016.071935
2015.107768
2014.143602
2013.179435
2012.215269
2011.251103
2010.286936
2009.32277
2008.358603
2007.394437
2006.430271
2005.466104
2004.501938
2003.537771
2002.573605
2001.609439
2000.645272
1999.681106
1998.716939
1997.752773
1996.788607
1995.82444
1994.860274
1993.896107
1992.931941
1991.967775
1991.003608
1990.039442
1989.075275
1988.111109
1987.146943
1986.182776
1985.21861
1984.254443
1983.290277
1982.326111
1981.361944
1980.397778
1979.433611
1978.469445
1977.505279
1976.541112
1975.576946
1974.61278
1973.648613
1972.684447
1971.72028
1970.756114
1969.791948
1968.827781
1967.863615
1966.899448
1965.935282
1964.971116
1964.006949
1963.042783
1962.078616
1961.11445
1960.150284
1959.186117
1958.221951
1957.257784
1956.293618
1955.329452
1954.365285
1953.401119
1952.436952
1951.472786
1950.50862
1949.544453
1948.580287
1947.61612
1946.651954
1945.687788
1944.723621
1943.759455
1942.795288
1941.831122
1940.866956
1939.902789
1938.938623
1937.974456
1937.01029
1936.046124
1935.081957
1934.117791
1933.153624
1932.189458
1931.225292
1930.261125
1929.296959
1928.332792
1927.368626
1926.40446
1925.440293
1924.476127
1923.51196
1922.547794
1921.583628
1920.619461
1919.655295
1918.691129
1917.726962
1916.762796
1915.798629
1914.834463
1913.870297
1912.90613
1911.941964
1910.977797
1910.013631
1909.049465
1908.085298
1907.121132
1906.156965
1905.192799
1904.228633
1903.264466
1902.3003
1901.336133
1900.371967
1899.407801
1898.443634
1897.479468
1896.515301
1895.551135
1894.586969
1893.622802
1892.658636
1891.694469
1890.730303
1889.766137
1888.80197
1887.837804
1886.873637
1885.909471
1884.945305
1883.981138
1883.016972
1882.052805
1881.088639
1880.124473
1879.160306
1878.19614
1877.231973
1876.267807
1875.303641
1874.339474
1873.375308
1872.411141
1871.446975
1870.482809
1869.518642
1868.554476
1867.59031
1866.626143
1865.661977
1864.69781
1863.733644
1862.769478
1861.805311
1860.841145
1859.876978
1858.912812
1857.948646
1856.984479
1856.020313
1855.056146
1854.09198
1853.127814
1852.163647
1851.199481
1850.235314
1849.271148
1848.306982
1847.342815
1846.378649
1845.414482
1844.450316
1843.48615
1842.521983
1841.557817
1840.59365
1839.629484
1838.665318
1837.701151
1836.736985
1835.772818
1834.808652
1833.844486
1832.880319
1831.916153
1830.951986
1829.98782
1829.023654
1828.059487
1827.095321
1826.131154
1825.166988
1824.202822
1823.238655
1822.274489
1821.310322
1820.346156
1819.38199
1818.417823
1817.453657
1816.489491
1815.525324
1814.561158
1813.596991
1812.632825
1811.668659
1810.704492
1809.740326
1808.776159
1807.811993
1806.847827
1805.88366
1804.919494
1803.955327
1802.991161
1802.026995
1801.062828
1800.098662
1799.134495
1798.170329
1797.206163
1796.241996
1795.27783
1794.313663
1793.349497
1792.385331
1791.421164
1790.456998
1789.492831
1788.528665
1787.564499
1786.600332
1785.636166
1784.671999
1783.707833
1782.743667
1781.7795
1780.815334
1779.851167
1778.887001
1777.922835
1776.958668
1775.994502
1775.030335
1774.066169
1773.102003
1772.137836
1771.17367
1770.209503
1769.245337
1768.281171
1767.317004
1766.352838
1765.388672
1764.424505
1763.460339
1762.496172
1761.532006
1760.56784
1759.603673
1758.639507
1757.67534
1756.711174
1755.747008
1754.782841
1753.818675
1752.854508
1751.890342
1750.926176
1749.962009
1748.997843
1748.033676
1747.06951
1746.105344
1745.141177
1744.177011
1743.212844
1742.248678
1741.284512
1740.320345
1739.356179
1738.392012
1737.427846
1736.46368
1735.499513
1734.535347
1733.57118
1732.607014
1731.642848
1730.678681
1729.714515
1728.750348
1727.786182
1726.822016
1725.857849
1724.893683
1723.929516
1722.96535
1722.001184
1721.037017
1720.072851
1719.108684
1718.144518
1717.180352
1716.216185
1715.252019
1714.287853
1713.323686
1712.35952
1711.395353
1710.431187
1709.467021
1708.502854
1707.538688
1706.574521
1705.610355
1704.646189
1703.682022
1702.717856
1701.753689
1700.789523
1699.825357
1698.86119
1697.897024
1696.932857
1695.968691
1695.004525
1694.040358
1693.076192
1692.112025
1691.147859
1690.183693
1689.219526
1688.25536
1687.291193
1686.327027
1685.362861
1684.398694
1683.434528
1682.470361
1681.506195
1680.542029
1679.577862
1678.613696
1677.649529
1676.685363
1675.721197
1674.75703
1673.792864
1672.828697
1671.864531
1670.900365
1669.936198
1668.972032
1668.007865
1667.043699
1666.079533
1665.115366
1664.1512
1663.187034
1662.222867
1661.258701
1660.294534
1659.330368
1658.366202
1657.402035
1656.437869
1655.473702
1654.509536
1653.54537
1652.581203
1651.617037
1650.65287
1649.688704
1648.724538
1647.760371
1646.796205
1645.832038
1644.867872
1643.903706
1642.939539
1641.975373
1641.011206
1640.04704
1639.082874
1638.118707
1637.154541
1636.190374
1635.226208
1634.262042
1633.297875
1632.333709
1631.369542
1630.405376
1629.44121
1628.477043
1627.512877
1626.54871
1625.584544
1624.620378
1623.656211
1622.692045
1621.727878
1620.763712
1619.799546
1618.835379
1617.871213
1616.907046
1615.94288
1614.978714
1614.014547
1613.050381
1612.086215
1611.122048
1610.157882
1609.193715
1608.229549
1607.265383
1606.301216
1605.33705
1604.372883
1603.408717
1602.444551
1601.480384
1600.516218
1599.552051
1598.587885
1597.623719
1596.659552
1595.695386
1594.731219
1593.767053
1592.802887
1591.83872
1590.874554
1589.910387
1588.946221
1587.982055
1587.017888
1586.053722
1585.089555
1584.125389
1583.161223
1582.197056
1581.23289
1580.268723
1579.304557
1578.340391
1577.376224
1576.412058
1575.447891
1574.483725
1573.519559
1572.555392
1571.591226
1570.627059
1569.662893
1568.698727
1567.73456
1566.770394
1565.806227
1564.842061
1563.877895
1562.913728
1561.949562
1560.985396
1560.021229
1559.057063
1558.092896
1557.12873
1556.164564
1555.200397
1554.236231
1553.272064
1552.307898
1551.343732
1550.379565
1549.415399
1548.451232
1547.487066
1546.5229
1545.558733
1544.594567
1543.6304
1542.666234
1541.702068
1540.737901
1539.773735
1538.809568
1537.845402
1536.881236
1535.917069
1534.952903
1533.988736
1533.02457
1532.060404
1531.096237
1530.132071
1529.167904
1528.203738
1527.239572
1526.275405
1525.311239
1524.347072
1523.382906
1522.41874
1521.454573
1520.490407
1519.52624
1518.562074
1517.597908
1516.633741
1515.669575
1514.705408
1513.741242
1512.777076
1511.812909
1510.848743
1509.884577
1508.92041
1507.956244
1506.992077
1506.027911
1505.063745
1504.099578
1503.135412
1502.171245
1501.207079
1500.242913
1499.278746
1498.31458
1497.350413
1496.386247
1495.422081
1494.457914
1493.493748
1492.529581
1491.565415
1490.601249
1489.637082
1488.672916
1487.708749
1486.744583
1485.780417
1484.81625
1483.852084
1482.887917
1481.923751
1480.959585
1479.995418
1479.031252
1478.067085
1477.102919
1476.138753
1475.174586
1474.21042
1473.246253
1472.282087
1471.317921
1470.353754
1469.389588
1468.425421
1467.461255
1466.497089
1465.532922
1464.568756
1463.604589
1462.640423
1461.676257
1460.71209
1459.747924
1458.783758
1457.819591
1456.855425
1455.891258
1454.927092
1453.962926
1452.998759
1452.034593
1451.070426
1450.10626
1449.142094
1448.177927
1447.213761
1446.249594
1445.285428
1444.321262
1443.357095
1442.392929
1441.428762
1440.464596
1439.50043
1438.536263
1437.572097
1436.60793
1435.643764
1434.679598
1433.715431
1432.751265
1431.787098
1430.822932
1429.858766
1428.894599
1427.930433
1426.966266
1426.0021
1425.037934
1424.073767
1423.109601
1422.145434
1421.181268
1420.217102
1419.252935
1418.288769
1417.324602
1416.360436
1415.39627
1414.432103
1413.467937
1412.50377
1411.539604
1410.575438
1409.611271
1408.647105
1407.682939
1406.718772
1405.754606
1404.790439
1403.826273
1402.862107
1401.89794
1400.933774
1399.969607
1399.005441
1398.041275
1397.077108
1396.112942
1395.148775
1394.184609
1393.220443
1392.256276
1391.29211
1390.327943
1389.363777
1388.399611
1387.435444
1386.471278
1385.507111
1384.542945
1383.578779
1382.614612
1381.650446
1380.686279
1379.722113
1378.757947
1377.79378
1376.829614
1375.865447
1374.901281
1373.937115
1372.972948
1372.008782
1371.044615
1370.080449
1369.116283
1368.152116
1367.18795
1366.223783
1365.259617
1364.295451
1363.331284
1362.367118
1361.402951
1360.438785
1359.474619
1358.510452
1357.546286
1356.58212
1355.617953
1354.653787
1353.68962
1352.725454
1351.761288
1350.797121
1349.832955
1348.868788
1347.904622
1346.940456
1345.976289
1345.012123
1344.047956
1343.08379
1342.119624
1341.155457
1340.191291
1339.227124
1338.262958
1337.298792
1336.334625
1335.370459
1334.406292
1333.442126
1332.47796
1331.513793
1330.549627
1329.58546
1328.621294
1327.657128
1326.692961
1325.728795
1324.764628
1323.800462
1322.836296
1321.872129
1320.907963
1319.943796
1318.97963
1318.015464
1317.051297
1316.087131
1315.122964
1314.158798
1313.194632
1312.230465
1311.266299
1310.302132
1309.337966
1308.3738
1307.409633
1306.445467
1305.481301
1304.517134
1303.552968
1302.588801
1301.624635
1300.660469
1299.696302
1298.732136
1297.767969
1296.803803
1295.839637
1294.87547
1293.911304
1292.947137
1291.982971
1291.018805
1290.054638
1289.090472
1288.126305
1287.162139
1286.197973
1285.233806
1284.26964
1283.305473
1282.341307
1281.377141
1280.412974
1279.448808
1278.484641
1277.520475
1276.556309
1275.592142
1274.627976
1273.663809
1272.699643
1271.735477
1270.77131
1269.807144
1268.842977
1267.878811
1266.914645
1265.950478
1264.986312
1264.022145
1263.057979
1262.093813
1261.129646
1260.16548
1259.201313
1258.237147
1257.272981
1256.308814
1255.344648
1254.380482
1253.416315
1252.452149
1251.487982
1250.523816
1249.55965
1248.595483
1247.631317
1246.66715
1245.702984
1244.738818
1243.774651
1242.810485
1241.846318
1240.882152
1239.917986
1238.953819
1237.989653
1237.025486
1236.06132
1235.097154
1234.132987
1233.168821
1232.204654
1231.240488
1230.276322
1229.312155
1228.347989
1227.383822
1226.419656
1225.45549
1224.491323
1223.527157
1222.56299
1221.598824
1220.634658
1219.670491
1218.706325
1217.742158
1216.777992
1215.813826
1214.849659
1213.885493
1212.921326
1211.95716
1210.992994
1210.028827
1209.064661
1208.100494
1207.136328
1206.172162
1205.207995
1204.243829
1203.279663
1202.315496
1201.35133
1200.387163
1199.422997
1198.458831
1197.494664
1196.530498
1195.566331
1194.602165
1193.637999
1192.673832
1191.709666
1190.745499
1189.781333
1188.817167
1187.853
1186.888834
1185.924667
1184.960501
1183.996335
1183.032168
1182.068002
1181.103835
1180.139669
1179.175503
1178.211336
1177.24717
1176.283003
1175.318837
1174.354671
1173.390504
1172.426338
1171.462171
1170.498005
1169.533839
1168.569672
1167.605506
1166.641339
1165.677173
1164.713007
1163.74884
1162.784674
1161.820507
1160.856341
1159.892175
1158.928008
1157.963842
1156.999675
1156.035509
1155.071343
1154.107176
1153.14301
1152.178844
1151.214677
1150.250511
1149.286344
1148.322178
1147.358012
1146.393845
1145.429679
1144.465512
1143.501346
1142.53718
1141.573013
1140.608847
1139.64468
1138.680514
1137.716348
1136.752181
1135.788015
1134.823848
1133.859682
1132.895516
1131.931349
1130.967183
1130.003016
1129.03885
1128.074684
1127.110517
1126.146351
1125.182184
1124.218018
1123.253852
1122.289685
1121.325519
1120.361352
1119.397186
1118.43302
1117.468853
1116.504687
1115.54052
1114.576354
1113.612188
1112.648021
1111.683855
1110.719688
1109.755522
1108.791356
1107.827189
1106.863023
1105.898856
1104.93469
1103.970524
1103.006357
1102.042191
1101.078025
1100.113858
1099.149692
1098.185525
1097.221359
1096.257193
1095.293026
1094.32886
1093.364693
1092.400527
1091.436361
1090.472194
1089.508028
1088.543861
1087.579695
1086.615529
1085.651362
1084.687196
1083.723029
1082.758863
1081.794697
1080.83053
1079.866364
1078.902197
1077.938031
1076.973865
1076.009698
1075.045532
1074.081365
1073.117199
1072.153033
1071.188866
1070.2247
1069.260533
1068.296367
1067.332201
1066.368034
1065.403868
1064.439701
1063.475535
1062.511369
1061.547202
1060.583036
1059.618869
1058.654703
1057.690537
1056.72637
1055.762204
1054.798037
1053.833871
1052.869705
1051.905538
1050.941372
1049.977206
1049.013039
1048.048873
1047.084706
1046.12054
1045.156374
1044.192207
1043.228041
1042.263874
1041.299708
1040.335542
1039.371375
1038.407209
1037.443042
1036.478876
1035.51471
1034.550543
1033.586377
1032.62221
1031.658044
1030.693878
1029.729711
1028.765545
1027.801378
1026.837212
1025.873046
1024.908879
1023.944713
1022.980546
1022.01638
1021.052214
1020.088047
1019.123881
1018.159714
1017.195548
1016.231382
1015.267215
1014.303049
1013.338882
1012.374716
1011.41055
1010.446383
1009.482217
1008.51805
1007.553884
1006.589718
1005.625551
1004.661385
1003.697218
1002.733052
1001.768886
1000.804719
999.840553
998.876387
997.91222
996.948054
995.983887
995.019721
994.055555
993.091388
992.127222
991.163055
990.198889
989.234723
988.270556
987.30639
986.342223
985.378057
984.413891
983.449724
982.485558
981.521391
980.557225
979.593059
978.628892
977.664726
976.700559
975.736393
974.772227
973.80806
972.843894
971.879727
970.915561
969.951395
968.987228
968.023062
967.058895
966.094729
965.130563
964.166396
963.20223
962.238063
961.273897
960.309731
959.345564
958.381398
957.417231
956.453065
955.488899
954.524732
953.560566
952.596399
951.632233
950.668067
949.7039
948.739734
947.775568
946.811401
945.847235
944.883068
943.918902
942.954736
941.990569
941.026403
940.062236
939.09807
938.133904
937.169737
936.205571
935.241404
934.277238
933.313072
932.348905
931.384739
930.420572
929.456406
928.49224
927.528073
926.563907
925.59974
924.635574
923.671408
922.707241
921.743075
920.778908
919.814742
918.850576
917.886409
916.922243
915.958076
914.99391
914.029744
913.065577
912.101411
911.137244
910.173078
909.208912
908.244745
907.280579
906.316412
905.352246
904.38808
903.423913
902.459747
901.49558
900.531414
899.567248
898.603081
897.638915
896.674749
895.710582
894.746416
893.782249
892.818083
891.853917
890.88975
889.925584
888.961417
887.997251
887.033085
886.068918
885.104752
884.140585
883.176419
882.212253
881.248086
880.28392
879.319753
878.355587
877.391421
876.427254
875.463088
874.498921
873.534755
872.570589
871.606422
870.642256
869.678089
868.713923
867.749757
866.78559
865.821424
864.857257
863.893091
862.928925
861.964758
861.000592
860.036425
859.072259
858.108093
857.143926
856.17976
855.215593
854.251427
853.287261
852.323094
851.358928
850.394761
849.430595
848.466429
847.502262
846.538096
845.57393
844.609763
843.645597
842.68143
841.717264
840.753098
839.788931
838.824765
837.860598
836.896432
835.932266
834.968099
834.003933
833.039766
832.0756
831.111434
830.147267
829.183101
828.218934
827.254768
826.290602
825.326435
824.362269
823.398102
822.433936
821.46977
820.505603
819.541437
818.57727
817.613104
816.648938
815.684771
814.720605
813.756438
812.792272
811.828106
810.863939
809.899773
808.935606
807.97144
807.007274
806.043107
805.078941
804.114774
803.150608
802.186442
801.222275
800.258109
799.293942
